04
31
81
92
95
121
152
157
169
182
189
199
222
254
270
297
319
348
353
361
363
368
376
377
380
391
401
405
406
410
423
426
431
435
440
452
454
459
466
467
468
494
506
508
513
514
515
516
519
520
523
524
526
527
533
549
550
566
567
568
569
570
571
574
610
611
614
622
637
643
646
658
661
662
671
677
684
695
697
701
712
732
733
736
738
739
741
746
754
757
759
762
763
773
775
781
792
798
802
803
812
815
819
820
821
824
830
848
870
880
893
894
898
914
928
946
950
960
962
966
970
975
988
992
1000
1005
1007
1010
1021
1024
1033
1035
1041
1049
1051
1052
1057
1058
1063
1064
1065
1066
1075
10003
10011
10014
10015
10016
10017
10018
10019
10028
10034
10035
10049
10051
10054
10057
10058
10069
10075
10082
10090
10106
10138
10139
10149
10155
10171
10191
10198
10210
10211
10804
10805
10806
10807
10808
10810
10811
10812
10813
10814
10820
10821
10822
10824
10826
10827
10828
10829
10830
10831
10832
10833
10834
10835
10837
10839
10840
10841
10842
10843
10844
10845
10846
10847
10850
10852
10853
10854
10856
10857
10859
10860
20004
20008
20010
20013
20016
20017
20020
20023
20024
20025
20030
20032
20033
20034
20035
20036
20040
20041
20042
20045
20047
20048
20049
20051
20054
20055
20056
20057
20059
20060
20061
20062
20063
20065
20066
20068
20069
20070
20073
20074
20075
20082
20083