199
254
368
426
549
569
570
610
614
658
695
697
739
745
870
893
894
898
914
928
946
960
962
968
970
1049
1075
10003
10011
10015
10016
10069
10106
10139
10191
10198
10212
10804
10805
10806
10807
10808
10809
10810
10812
10813
10814
10820
10821
10822
10824
10825
10828
10829
10830
10833
10837
10839
10840
10841
10842
10843
10844
10846
10847
10850
10852
10853
10854
10856
10857
10860
20004
20008
20010
20013
20016
20017
20020
20023
20024
20025
20030
20032
20033
20034
20035
20036
20040
20041
20042
20045
20046
20047
20048
20049
20050
20051
20053
20057
20059
20061
20063
20064
20065
20066
20067
20068
20069
20070
20073
20075
20077
20078
20083
