92
189
199
254
319
353
368
426
459
514
549
550
569
570
610
614
658
695
697
739
757
848
870
893
894
898
914
928
946
960
961
962
968
970
1002
1028
1049
1052
1075
10003
10011
10015
10016
10028
10034
10035
10054
10057
10058
10069
10074
10075
10093
10106
10109
10116
10121
10138
10139
10141
10155
10171
10178
10181
10191
10198
10210
10211
10212
10804
10805
10806
10807
10808
10809
10810
10812
10813
10814
10820
10821
10822
10824
10826
10828
10829
10830
10832
10833
10834
10837
10839
10840
10841
10842
10843
10844
10846
10847
10850
10852
10853
10854
10856
10857
10860
20004
20008
20010
20013
20016
20017
20020
20023
20024
20025
20030
20032
20033
20034
20035
20036
20040
20041
20042
20045
20046
20047
20048
20049
20051
20057
20059
20061
20063
20065
20066
20068
20069
20070
20073
20075
20083
100015